1,蜀山,2016-11-2,3750,2760,30,30,125,92,0,1,background /,0,0,0,0,0
4294967295,4294967295,4294967295,4294967295,4294967295,4294967295,4294967295,4294967295,4294967295,4292935679,4294967295,4294967295,4294967295,4290777087,4294967295,4294967295,4294967295,4294443519,4294967295,4294967295,1073741823,4286578688,4294967295,4294967295,134217727,4292870144,4294967295,4294967295,16777215,4294705152,4294967295,4294967295,2097151,4294901760,4294967295,4294967295,262143,4294950912,4294967295,4294967295,32767,4294965248,4294967295,131071,0,4294967040,4294967295,4095,0,4294967264,4294967295,255,0,4294967292,4294967295,31,2147483648,4294967295,4294967295,1,4026531840,4294967295,1073741823,0,4261412864,3355443199,134217727,0,4290772992,2155872255,16777215,0,4294443008,3222274047,2097151,0,4294901760,4026564607,4161011711,65535,4294959104,4160751615,4278222847,8191,4294966272,4227858559,4292874239,1023,4294967168,4278190083,4294705663,127,1073741808,4290772992,4294901823,15,67108862,4294443008,4294959111,3221225473,4194303,2147418112,1073740800,4160749568,262143,268427264,4294966272,4294967295,32767,33553408,4294966272,4294967295,2047,4194240,4294967168,4294967295,127,524280,4294967280,4294967295,7,65535,4294967294,2147483647,4160749568,3221233663,4294967295,134217727,4292870144,4160750591,4294967295,16777215,4294901760,4278190207,4294967295,1048575,4294959104,4292870159,4294967295,131071,4294966784,4294965249,4294967295,16383,536870848,4294967040,4294967295,2047,67108848,4294967264,4294967295,255,4194302,4294967292,4294967295,2147483679,2147745791,4294967295,4294967295,3221225475,4026540031,4294967295,1073741823,4026531840,4261412991,4294967295,134217727,4227858432,4290773007,4294967295,8388607,4278190080,4294443009,4294967295,524287,1065353216,4294901760,4294967295,65535,133169152,4294443008,4294967295,4095,16711680,4294901760,4294967295,511,4190208,4294959104,4294967295,31,524160,4294966272,4294967295,1,65528,4294967168,268337151,3221225472,8191,4294967280,16746495,4227858432,1023,4294967294,1040639,4292870144,3221225599,4294967295,63503,4294705152,4160749569,4294967295,3072,1073725440,4278190080,134217727,0,134215680,4292870144,4194303,0,16776960,4294705152,262143,805306368,2097120,4294934528,32767,251723776,262140,4294963200,4095,2281699328,16383,4294966784,511,4060086144,131071,4294967288,63,4294967292,2147500031,4294967295,3758096391,4294967295,4160753663,4294967295,4278190080,4294967295,4278190591,536870911,4293918720,4294967295,4292870207,67108863,4294901760,4294967295,4294443023,8388607,4294950912,4294967295,4294901763,1048575,4294963200,2147483647,4294959104,131071,4294966272,536870911,4294965248,16383,4294967232,134217727,4294967040,1023,4294967280,16777215,2147483616,32,4294967264,4194303,268435448,0,4294967288,1048575,16777215,0,4294967294,131071,2066431,3221225472,4294967295,32767,196636,4160749568,4294967295,8191,0,4278190080,4294967295,2047,0,4290773040,4294967295,511,2147483648,4294443015,4294967295,255,2080374784,4294901760,4294967295,63,133169152,4294959104,4294967295,15,8355840,4294965248,4294967295,7,524032,4294967040,4294967295,1,32767,4294967264,2147483647,4294443008,4095,4294967288,4294967295,4294963203,511,4294967295,4294967295,4294967295,4227858559,4294967295,4294967295,4294967295,4294443039,4294967295,4294967295,4294967295,4294965255,4294967295,4294967295,4294967295,4294967291,4294967295,4294967295,4294967295,4294967295,4294967295,4294967295,4294967295,4294967295,4095

58,17,0
59,3,6,凝碧崖,1001,72,93,71,17,6,莽苍山,1002,110,180







