101,奇遇,2015-10-28,2980,1864,32,24,93,78,1,101,background/,0,0,0,0,2
4294967295,4294967295,4294967295,4294967295,4294967295,4294967295,4294967295,4294967295,4294967295,4294967295,4294967295,4294967295,4294967295,4294967295,4294967295,4294967295,4294967295,4294967295,4294967295,4294967295,4294967295,4294967295,4294967295,4294967295,4294967295,4294967295,4294967295,4294967295,4294967295,4294967295,4294967295,4294967295,4294967295,4294967295,4294967295,4294967295,4294967295,4294967295,4294967295,4294967295,4294967295,4294967295,4294967295,4294967295,4294967295,4294967295,4294967295,4294967295,4294967295,4294967295,4294967295,4294967295,4294967295,4294967295,4294967295,4294967295,4294967295,4294967295,4294967295,4294967295,4093640703,4294967295,4294967295,4169138175,4294967295,4294967295,4262461439,4294967295,4294967295,4290904063,4294967295,4294967295,4294459391,4294967295,4294967295,4294903807,4294967295,4294967295,4294959359,4294967295,4294967295,4294966303,4293918751,4294967295,2147483523,4294705152,2147483647,33554416,4294901760,134217727,1048574,4294959104,3238002687,255,4294965248,4228120575,31,4294967040,4286595071,3,4294967232,2146435327,0,4294967288,268304391,0,2147483647,16769024,3758096384,134217727,2096128,4160749568,8388607,262016,4261412864,524287,32752,4290772992,2147500031,4095,4292870144,4026532351,511,4294443008,4278190095,63,4294836224,4292870144,31,134184960,4294836224,3,4177920,2147467264,0,258048,134217216,0,0,16777184,0,0,1048572,0,2147483648,131071,0,4160749568,8191,0,4278190080,1023,0,4293918720,127,0,4294901760,7,0,2147481600,0,0,134217600,896,0,4194288,120,0,2148007935,31,4026531840,4160815103,31,4261412864,4286586879,7,4293918720,4293919743,1,4294934528,2147418239,0,4294966272,4294963215,0,4294967264,2147483137,0,1073741822,268435392,3758096384,134217727,33554424,4278190080,33554431,4194303,4293918720,4043309055,2148532223,4294959615,4294967295,4228120575,4294967295,4294967295,4294967295,4294967295,4294967295,4294967295,4294967295,4294967295,4294967295,4294967295,4294967295,4294967295,4294967295,4294967295,4294967295,4294967295,4294967295,4294967295,4294967295,4294967295,4294967295,4294967295,4294967295,4294967295,4194303
44,59,51,57,41,57,35,59,17,33,43,54,48,57,69,58,37,57,34,63,13,36,47,48,45,59,40,60,15,33,42,58,42,59,71,58,32,59,7,33,37,59,43,59,44,60,47,50,35,61,15,32,41,56,7,34,7,35,45,56,46,48,43,60,51,59,49,55,42,60,45,65,9,32,42,61,71,59,33,60,33,62,40,54,49,50,35,62,44,62,9,33,33,61,48,52,14,32,42,62,37,60,14,33,15,34,40,53,51,52,35,63,33,63,37,64,51,58,35,64,44,49,42,63,12,36,12,34,34,54,38,48,15,35,48,50,49,58,45,60,41,58,42,64,42,50,48,58,31,57,34,55,38,49,14,34,44,65,40,61,75,54,44,57,73,54,49,56,52,55,31,58,34,56,36,64,15,36,47,59,40,55,34,59,17,32,40,56,49,49,45,50,46,60,39,47,43,48,31,60,33,55,47,57,39,46,31,61,74,54,44,61,39,48,43,49,34,61,70,57,43,56,31,62,49,52,31,59,80,51,14,36,15,37,37,61,9,34,47,49,12,32,44,48,31,63,74,56,39,49,34,58,9,35,34,57,10,34,34,60,77,50,41,46,44,47,9,36,45,48,37,62,45,52,42,47,48,56,40,57,44,50,39,50,14,37,44,63,39,51,41,47,48,49,34,64,53,54,10,36,76,54,45,49,73,55,52,53,40,63,39,52,47,55,11,33,39,53,38,57,33,57,40,50,14,35,18,34,41,61,13,32,41,48,38,46,50,53,38,47,44,53,36,53,42,51,41,62,39,54,44,51,52,56,53,55,77,51,76,51,48,53,16,31,40,51,13,33,49,60,41,63,13,34,41,49,12,33,39,56,40,62,11,32,70,58,45,51,39,55,45,61,50,54,52,54,53,56,77,53,43,58,72,55,46,50,77,52,72,56,41,59,36,57,41,50,73,56,36,58,11,34,13,35,16,34,39,57,11,35,41,60,50,55,16,33,17,31,50,56,75,55,72,57,38,52,77,54,11,36,36,55,39,59,32,57,40,58,50,57,36,60,43,61,72,58,43,50,36,59,11,37,36,56,39,60,18,32,74,53,50,58,18,33,42,52,43,51,49,57,38,51,8,32,36,61,41,52,38,50,50,59,75,52,39,58,48,51,39,61,38,53,78,50,72,59,74,55,30,58,8,34,32,58,35,53,73,57,38,54,50,60,41,53,38,56,45,53,32,56,30,59,41,51,12,35,8,33,40,48,46,51,40,47,50,51,8,35,38,58,44,64,48,48,43,53,47,52,41,54,43,55,45,54,70,59,38,59,43,52,44,54,78,51,18,35,43,47,10,33,42,53,38,60,10,32,35,54,36,54,37,63,41,55,35,55,45,55,44,55,52,57,42,48,45,62,43,57,34,62,76,52,10,35,44,52,74,57,75,53,39,63,74,58,38,61,35,56,16,32,44,56,47,51,49,54,52,58,39,64,16,35,73,58,46,49,76,53,36,62,44,58,37,49,50,52,16,36,40,46,38,64,51,53,75,56,49,51,43,62,39,62,38,63,46,55,35,57,37,50,12,37,13,37,43,63,38,62,33,56,42,54,40,52,46,56,17,35,38,55,37,52,40,49,42,55,37,51,32,60,76,55,48,59,49,59,37,53,45,57,51,54,43,64,35,58,45,63,47,58,49,53,45,58,78,52,36,63,43,65,32,61,37,54,32,63,47,56,33,59,42,49,46,57,17,34,42,56,46,58,40,59,79,50,18,31,33,58,79,51,37,55,32,62,37,56,78,53,75,57,46,59,51,55,51,56,42,57,35,60,45,64,71,56,79,52,37,58,71,57


7,59,1,17,48,17,48,2,7,59,27,44,27,44,2,17,48,36,41,36,41,2,27,44,45,51,45,51,2,36,41,56,58,56,58,2,45,51,68,51,68,51,2,56,58,78,42,78,42,2,68,51,84,37,84,37,1,78,42









