102,奇遇,2015-11-3,2562,2035,32,24,80,85,1,102,background/,0,0,0,0,1
4294967295,4294967295,4294967295,4294967295,4294967295,4294967295,4294967295,4294967295,4294967295,4294967295,4294967295,4294967295,4294967295,268435455,4294967294,4294967295,4294445055,4294967295,67108863,4294967280,4294967295,4293919231,4294967295,8388607,4294967264,4294967295,4290773023,4294967295,1048575,4294967168,4294967295,4278190083,4294967295,65535,4294966784,2147483647,4026531840,4294967295,8191,4294950912,134217727,2147483648,4294967295,511,4294901760,16777215,0,4294967288,127,4293918720,4194303,0,4294967264,31,4286578688,1048575,0,4294967040,1,4160749568,32767,0,1073733632,0,3758096384,16383,0,536854528,0,3221225472,8191,0,536854528,0,3221225472,8191,0,536854528,0,3221225472,8191,0,536854528,0,3221225472,16383,0,1073725440,0,3221225472,16383,0,1073725440,0,3221225472,32767,0,2147467264,0,3221225472,65535,0,4294950912,0,3758096384,65535,0,4294959104,0,4026531840,524287,0,4294965248,15,4227858432,2147483647,0,4294967040,65535,4286578688,4294967295,1,4294967232,262143,4292870144,4294967295,3,4294967288,524287,4294836224,4294967295,3221225487,4294967295,8388607,4294963200,4294967295,4160750079,4294967295,4294967295,4294967295,4294967295,4294967295,4294967295,4294967295,4294967295,4294967295,4294967295,4294967295,4294967295,4294967295,4294967295,4294967295,4294967295,4294967295,4294967295,4294967295,4294967295,4294967295,4294967295,4294967295,4294967295,4294967295,4294967295,4294967295,4294967295,4294967295,4294967295,4294967295,4294967295,4294967295,4294967295,4294967295,4294967295,4294967295,4294967295,4294967295,4294967295,4294967295,4294967295,4294967295,4294967295,4294967295,4294967295,4294967295,4294967295,4294967295,4294967295,4294967295,4294967295,4294967295,4294967295,4294967295,4294967295,4294967295,4294967295,4294967295,4294967295,4294967295,4294967295,4294967295,4294967295,4294967295,4294967295,4294967295,4294967295,4294967295,4294967295,4294967295,4294967295,4294967295,4294967295,4294967295,0













